MagicCube4D 2
@ALG5@@{4,3,3} 3.0@(g 1 3 7) 51,1,1 199,1,1 51,-1,1 22,1,1 51,1,1 199,1,1 51,-1,1 22,-1,1.
@ALG5B@@{4,3,3} 3.0@(g 59 58 54) 211,1,1 151,1,1 211,-1,1 78,1,1 78,1,1 211,1,1 151,1,1 211,-1,1 78,1,1 78,1,1.
@ALG5C@@{4,3,3} 3.0@(g 2 0 4) 21,1,1 116,1,1 21,-1,1 101,1,1 21,1,1 116,1,1 21,-1,1 101,-1,1.
@ALG5D@@{4,3,3} 3.0@(g 1 0 2) 103,-1,1 198,1,1 103,1,1 25,-1,1 103,-1,1 198,1,1 103,1,1 25,1,1.
@ALG5D.1@@{4,3,3} 3.0@(g 1 0 2) 103,-1,1 198,1,1 103,1,1 25,-1,1 103,-1,1 198,1,1 103,1,1 25,1,1 108,1,1 25,-1,1
103,-1,1 198,-1,1 103,1,1 25,1,1 103,-1,1 198,-1,1 103,1,1 108,-1,1.
@ALG5D.2@@{4,3,3} 3.0@(g 1 0 2) 79,1,1 103,-1,1 198,1,1 103,1,1 25,-1,1 103,-1,1 198,1,1 103,1,1 25,1,1 108,1,1
25,-1,1 103,-1,1 198,-1,1 103,1,1 25,1,1 103,-1,1 198,-1,1 103,1,1 108,-1,1 79,-1,1.
@ALG6@@{4,3,3} 3.0@(g 1 3 7) 51,1,1 199,1,1 51,-1,1 22,1,1 51,1,1 199,1,1 51,-1,1 22,-1,1 51,1,1 199,1,1
51,-1,1 22,1,1 51,1,1 199,1,1 51,-1,1 22,-1,1.
@ALG7@@{4,3,3} 3.0@(g 1 3 7) 51,1,1 199,1,1 51,-1,1 22,1,1 51,1,1 199,1,1 51,-1,1 22,-1,1 51,1,1 199,1,1
51,-1,1 22,1,1 51,1,1 199,1,1 51,-1,1 22,-1,1 37,1,1 51,1,1 199,1,1 51,-1,1
22,1,1 51,1,1 199,1,1 51,-1,1 22,-1,1 51,1,1 199,1,1 51,-1,1 22,1,1 51,1,1
199,1,1 51,-1,1 22,-1,1 37,1,1.
@ALG9@@{4,3,3} 3.0@(g 19 15 18) 130,1,1 21,-1,1 48,1,1 23,-1,1 48,-1,1 21,1,1 130,-1,1 25,1,1.
@ALG10@@{4,3,3} 3.0@(g 22 20 24) 49,1,1 22,1,1 49,-1,1 22,-1,1.
@ALG10.1@@{4,3,3} 3.0@(g 22 20 24) 76,1,1 49,1,1 22,1,1 49,-1,1 22,-1,1 76,-1,1.
@ALG10.2@@{4,3,3} 3.0@(g 22 20 24) 102,1,1 74,-1,1 49,1,1 22,1,1 49,-1,1 22,-1,1 74,1,1 102,-1,1.
@ALG12@@{4,3,3} 3.0@(g 14 9 12) 102,1,1 75,1,1 102,-1,1 157,1,1 102,1,1 75,-1,1 102,-1,1 157,-1,1.
@ALG12.1@@{4,3,3} 3.0@(g 14 9 12) 49,1,1 102,1,1 75,1,1 102,-1,1 157,1,1 102,1,1 75,-1,1 102,-1,1 157,-1,1 49,-1,1.
@ALG13@@{4,3,3} 3.0@(g 1 3 7) 51,1,1 199,1,1 51,-1,1 22,1,1 51,1,1 199,1,1 51,-1,1 22,-1,1 165,1,1 22,1,1
51,1,1 199,-1,1 51,-1,1 22,-1,1 51,1,1 199,-1,1 51,-1,1 165,-1,1.
@ALG13.1@@{4,3,3} 3.0@(g 166 168 164) 209,1,1 213,1,1 44,1,1 213,-1,1 185,1,1 213,1,1 44,1,1 213,-1,1 185,-1,1 6,1,1
185,1,1 213,1,1 44,-1,1 213,-1,1 185,-1,1 213,1,1 44,-1,1 213,-1,1 6,-1,1 209,-1,1.
@ALG13.2@@{4,3,3} 3.0@(g 162 166 168) 158,1,1 213,1,1 44,1,1 213,-1,1 185,1,1 213,1,1 44,1,1 213,-1,1 185,-1,1 6,1,1
185,1,1 213,1,1 44,-1,1 213,-1,1 185,-1,1 213,1,1 44,-1,1 213,-1,1 6,-1,1 158,-1,1.
@ALG13.3@@{4,3,3} 3.0@(g 85 81 83) 51,-1,1 187,1,1 122,1,1 187,-1,1 104,1,1 187,1,1 122,1,1 187,-1,1 104,-1,1 31,1,1
104,1,1 187,1,1 122,-1,1 187,-1,1 104,-1,1 187,1,1 122,-1,1 187,-1,1 31,-1,1 48,-1,1.
@ALG13B@@{4,3,3} 3.0@(g 88 87 83) 74,1,1 122,1,1 74,-1,1 102,1,1 74,1,1 122,1,1 74,-1,1 102,-1,1 193,1,1 102,1,1
74,1,1 122,-1,1 74,-1,1 102,-1,1 74,1,1 122,-1,1 74,-1,1 193,-1,1.
@ALG13C@@{4,3,3} 3.0@(g 84 88 87) 102,1,1 74,1,1 122,-1,1 74,-1,1 102,-1,1 74,1,1 122,-1,1 74,-1,1 193,1,1 74,1,1
122,1,1 74,-1,1 102,1,1 74,1,1 122,1,1 74,-1,1 102,-1,1 193,-1,1.
@ALG13C.1@@{4,3,3} 3.0@(g 111 109 108) 157,1,1 133,1,1 78,1,1 90,-1,1 78,-1,1 133,-1,1 78,1,1 90,-1,1 78,-1,1 28,1,1
78,1,1 90,1,1 78,-1,1 133,1,1 78,1,1 90,1,1 78,-1,1 133,-1,1 28,-1,1 157,-1,1.
@ALG13D@@{4,3,3} 3.0@(g 3 1 0) 106,-1,1 76,1,1 197,1,1 76,-1,1 25,1,1 76,1,1 197,1,1 76,-1,1 25,-1,1 135,1,1
25,1,1 76,1,1 197,-1,1 76,-1,1 25,-1,1 76,1,1 197,-1,1 76,-1,1 135,-1,1 106,1,1.
@ALG14@@{4,3,3} 3.0@(g 214 213 211) 78,1,1 132,1,1 214,1,1 132,-1,1 214,-1,1 78,-1,1 214,1,1.
@ALG15@@{4,3,3} 3.0@(g 162 166 168) 158,1,1 213,1,1 44,1,1 213,-1,1 185,1,1 213,1,1 44,1,1 213,-1,1 185,-1,1 6,1,1
185,1,1 213,1,1 44,-1,1 213,-1,1 185,-1,1 213,1,1 44,-1,1 213,-1,1 6,-1,1 158,-1,1
75,1,1 141,1,1 79,1,1 39,1,1 79,-1,1 185,1,1 79,1,1 39,1,1 79,-1,1 185,-1,1
141,-1,1 185,1,1 79,1,1 39,-1,1 79,-1,1 185,-1,1 79,1,1 39,-1,1 79,-1,1 75,-1,1.
@ALG16@@{4,3,3} 3.0@(g 84 88 87) 102,1,1 74,1,1 122,-1,1 74,-1,1 102,-1,1 74,1,1 122,-1,1 74,-1,1 193,1,1 74,1,1
122,1,1 74,-1,1 102,1,1 74,1,1 122,1,1 74,-1,1 102,-1,1 193,-1,1 60,1,1 160,1,1
123,1,1 160,-1,1 102,1,1 160,1,1 123,1,1 160,-1,1 102,-1,1 60,-1,1 102,1,1 160,1,1
123,-1,1 160,-1,1 102,-1,1 160,1,1 123,-1,1 160,-1,1.
