MagicCube4D 2
@5ALG1@@{4,3,3} 5.0@(g 4 1 7) 25,1,4 132,1,2 25,-1,4 132,-1,2 21,-1,1 132,1,2 25,1,4 132,-1,2 25,-1,4 21,1,1.
@5ALG1.1@@{4,3,3} 5.0@(g 4 1 7) 25,1,4 132,1,2 25,-1,4 132,-1,2 21,-1,1 132,1,2 25,1,4 132,-1,2 25,-1,4 21,1,1
47,1,2 21,-1,1 25,1,4 132,1,2 25,-1,4 132,-1,2 21,1,1 132,1,2 25,1,4 132,-1,2
25,-1,4 47,-1,2.
@5ALG1B@@{4,3,3} 5.0@(g 4 1 7) 25,1,4 132,1,2 25,-1,4 132,-1,2 23,1,1 132,1,2 25,1,4 132,-1,2 25,-1,4 23,-1,1.
@5ALG1B.1@@{4,3,3} 5.0@(g 4 1 7) 25,1,4 132,1,2 25,-1,4 132,-1,2 23,1,1 132,1,2 25,1,4 132,-1,2 25,-1,4 23,-1,1
183,-1,2 23,1,1 25,1,4 132,1,2 25,-1,4 132,-1,2 23,-1,1 132,1,2 25,1,4 132,-1,2
25,-1,4 183,1,2.
@5ALG1B.1.1@@{4,3,3} 5.0@(g 4 1 7) 25,1,4 132,1,2 25,-1,4 132,-1,2 23,1,1 132,1,2 25,1,4 132,-1,2 25,-1,4 23,-1,1
183,-1,2 23,1,1 25,1,4 132,1,2 25,-1,4 132,-1,2 23,-1,1 132,1,2 25,1,4 132,-1,2
25,-1,4 183,1,2 133,-1,1 183,-1,2 25,1,4 132,1,2 25,-1,4 132,-1,2 23,1,1 132,1,2
25,1,4 132,-1,2 25,-1,4 23,-1,1 183,1,2 23,1,1 25,1,4 132,1,2 25,-1,4 132,-1,2
23,-1,1 132,1,2 25,1,4 132,-1,2 25,-1,4 133,1,1.
@5ALG1B.2@@{4,3,3} 5.0@(g 4 1 7) 25,1,4 132,1,2 25,-1,4 132,-1,2 23,1,1 132,1,2 25,1,4 132,-1,2 25,-1,4 23,-1,1
155,-1,1 23,1,1 25,1,4 132,1,2 25,-1,4 132,-1,2 23,-1,1 132,1,2 25,1,4 132,-1,2
25,-1,4 155,1,1.
@5ALG1B.2.1@@{4,3,3} 5.0@(g 189 194 192) 209,1,4 129,1,2 209,-1,4 129,-1,2 212,1,1 129,1,2 209,1,4 129,-1,2 209,-1,4 212,-1,1
160,-1,1 212,1,1 209,1,4 129,1,2 209,-1,4 129,-1,2 212,-1,1 129,1,2 209,1,4 129,-1,2
209,-1,4 160,1,1 48,-1,1 210,1,2 106,1,1 106,1,1 48,1,1 160,-1,1 209,1,4 129,1,2
209,-1,4 129,-1,2 212,1,1 129,1,2 209,1,4 129,-1,2 209,-1,4 212,-1,1 160,1,1 212,1,1
209,1,4 129,1,2 209,-1,4 129,-1,2 212,-1,1 129,1,2 209,1,4 129,-1,2 209,-1,4 48,-1,1
106,1,1 106,1,1 210,-1,2 48,1,1.
@5ALG2@@{4,3,3} 5.0@(g 4 1 7) 25,1,2 132,1,2 25,-1,2 132,-1,2 25,1,1 132,1,2 25,1,2 132,-1,2 25,-1,3.
@5ALG2.1@@{4,3,3} 5.0@(g 4 1 7) 25,1,2 132,1,2 25,-1,2 132,-1,2 25,1,1 132,1,2 25,1,2 132,-1,2 25,-1,3 77,1,1
23,-1,8 77,-1,1 25,1,3 132,1,2 25,-1,2 132,-1,2 25,-1,1 132,1,2 25,1,2 132,-1,2
25,-1,2 77,1,1 23,1,8 77,-1,1.
@5ALG2.1B@@{4,3,3} 5.0@(g 189 194 192) 212,-1,2 209,1,2 129,1,2 209,-1,2 129,-1,2 209,1,1 129,1,2 209,1,2 129,-1,2 209,-1,3
77,1,1 212,-1,8 77,-1,1 209,1,3 129,1,2 209,-1,2 129,-1,2 209,-1,1 129,1,2 209,1,2
129,-1,2 209,-1,2 77,1,1 212,1,8 77,-1,1 212,1,2.
@5ALG1B.2.1B@@{4,3,3} 5.0@(g 189 194 192) 128,-1,4 209,1,4 129,1,2 209,-1,4 129,-1,2 212,1,1 129,1,2 209,1,4 129,-1,2 209,-1,4
212,-1,1 160,-1,1 212,1,1 209,1,4 129,1,2 209,-1,4 129,-1,2 212,-1,1 129,1,2 209,1,4
129,-1,2 209,-1,4 160,1,1 48,-1,1 210,1,2 106,1,1 106,1,1 48,1,1 160,-1,1 209,1,4
129,1,2 209,-1,4 129,-1,2 212,1,1 129,1,2 209,1,4 129,-1,2 209,-1,4 212,-1,1 160,1,1
212,1,1 209,1,4 129,1,2 209,-1,4 129,-1,2 212,-1,1 129,1,2 209,1,4 129,-1,2 209,-1,4
48,-1,1 106,1,1 106,1,1 210,-1,2 48,1,1 128,1,4.
