MagicCube4D 2
@4ALG1@@{4,3,3} 4.0@(g 4 1 7) 132,1,2 25,1,2 132,-1,2 25,-1,2 79,1,1 25,1,2 132,1,2 25,-1,2 132,-1,2 79,-1,1.
@4ALG2@@{4,3,3} 4.0@(g 4 1 7) 132,1,2 25,1,2 132,-1,2 25,-1,2 79,1,1 25,1,2 132,1,2 25,-1,2 132,-1,2 79,-1,1
103,1,1 79,1,1 132,1,2 25,1,2 132,-1,2 25,-1,2 79,-1,1 25,1,2 132,1,2 25,-1,2
132,-1,2 103,-1,1.
@4ALG2.1@@{4,3,3} 4.0@(g 4 1 7) 132,1,2 159,1,2 132,-1,2 159,-1,2 21,1,1 159,1,2 132,1,2 159,-1,2 132,-1,2 21,-1,1
101,1,1 21,1,1 132,1,2 159,1,2 132,-1,2 159,-1,2 21,-1,1 159,1,2 132,1,2 159,-1,2
132,-1,2 101,-1,1.
@4ALG2.2@@{4,3,3} 4.0@(g 4 1 7) 132,1,2 25,1,2 132,-1,2 25,-1,2 79,1,1 25,1,2 132,1,2 25,-1,2 132,-1,2 79,-1,1
158,1,2 79,1,1 132,1,2 25,1,2 132,-1,2 25,-1,2 79,-1,1 25,1,2 132,1,2 25,-1,2
132,-1,2 158,-1,2.
@4ALG3@@{4,3,3} 4.0@(g 4 1 7) 132,1,2 25,1,2 132,-1,2 25,-1,2 79,1,1 25,1,2 132,1,2 25,-1,2 132,-1,2 79,-1,1
158,1,2 79,1,1 132,1,2 25,1,2 132,-1,2 25,-1,2 79,-1,1 25,1,2 132,1,2 25,-1,2
132,-1,2 158,-1,2 79,1,1 158,1,2 132,1,2 25,1,2 132,-1,2 25,-1,2 79,1,1 25,1,2
132,1,2 25,-1,2 132,-1,2 79,-1,1 158,-1,2 79,1,1 132,1,2 25,1,2 132,-1,2 25,-1,2
79,-1,1 25,1,2 132,1,2 25,-1,2 132,-1,2 79,-1,1.
@4ALG3.1@@{4,3,3} 4.0@(g 4 1 7) 128,1,2 47,1,2 128,-1,2 47,-1,2 78,1,1 47,1,2 128,1,2 47,-1,2 128,-1,2 78,-1,1
158,1,2 78,1,1 128,1,2 47,1,2 128,-1,2 47,-1,2 78,-1,1 47,1,2 128,1,2 47,-1,2
128,-1,2 158,-1,2 78,1,1 158,1,2 128,1,2 47,1,2 128,-1,2 47,-1,2 78,1,1 47,1,2
128,1,2 47,-1,2 128,-1,2 78,-1,1 158,-1,2 78,1,1 128,1,2 47,1,2 128,-1,2 47,-1,2
78,-1,1 47,1,2 128,1,2 47,-1,2 128,-1,2 78,-1,1.
